Test ugly-ass way x 119,130 ops/sec ±1.97% (84 runs sampled)
Test nice way x 937,758 ops/sec ±4.98% (76 runs sampled)

     stats: 
       deviation: 7.720612248809497e-7,
       mean: 0.000008394189248897204,
       moe: 1.6510802019400616e-7,
       rme: 1.9669323063653517,
       sem: 8.423878581326846e-8,
       variance: 5.960785349646723e-13,

       deviation: 2.362460519693811e-7,
       mean: 0.0000010663727661336414,
       moe: 5.3114590158846866e-8,
       rme: 4.980865213899355,
       sem: 2.7099280693289218e-8,
       variance: 5.5812197071119515e-14,
